t = {{[CFrame.new(401, 99.5, -281.600006, 0.104354382, -0.993164003, 0.0523017347, 0.699369967, 0.110671163, 0.706139982, -0.707101107, -0.0371105075, 0.706138015)]='GoldSwampy',[2]='Wall2Tall'},
{[CFrame.new(365, 99.5, -218.399994, -0.104354382, 0.993164003, -0.0523017347, 0.699369967, 0.110671163, 0.706139982, 0.707101107, 0.0371105075, -0.706138134)]='GoldSwampy',[2]='Wall2Tall'},
{[CFrame.new(414.600006, 99.5, -232, 0.706123471, 0.0369884372, -0.707121968, 0.702446818, 0.0892202854, 0.706121862, 0.0892079175, -0.99532479, 0.0370181799)]='GoldSwampy',[2]='Wall2Tall'},
{[CFrame.new(414.600006, 99.5, -232, 0.706123471, 0.0369884372, -0.707121968, 0.702446818, 0.0892202854, 0.706121862, 0.0892079175, -0.99532479, 0.0370181799)]='GoldSwampy',[2]='Wall2Tall'},
{[CFrame.new(365, 99.5, -218.399994, -0.104354382, 0.993164003, -0.0523017347, 0.699369967, 0.110671163, 0.706139982, 0.707101107, 0.0371105075, -0.706138134)]='GoldSwampy',[2]='Wall2Tall'},
{[CFrame.new(414.600006, 99.5, -232, 0.706123471, 0.0369884372, -0.707121968, 0.702446818, 0.0892202854, 0.706121862, 0.0892079175, -0.99532479, 0.0370181799)]='GoldSwampy',[2]='Wall2Tall'},
{[CFrame.new(401, 99.5, -281.600006, 0.104354382, -0.993164003, 0.0523017347, 0.699369967, 0.110671163, 0.706139982, -0.707101107, -0.0371105075, 0.706138015)]='GoldSwampy',[2]='Wall2Tall'},
{[CFrame.new(401, 99.5, -281.600006, 0.104354382, -0.993164003, 0.0523017347, 0.699369967, 0.110671163, 0.706139982, -0.707101107, -0.0371105075, 0.706138015)]='GoldSwampy',[2]='Wall2Tall'},
{[CFrame.new(365, 99.5, -218.399994, -0.104354382, 0.993164003, -0.0523017347, 0.699369967, 0.110671163, 0.706139982, 0.707101107, 0.0371105075, -0.706138134)]='GoldSwampy',[2]='Wall2Tall'},
{[CFrame.new(414.600006, 99.5, -232, 0.706123471, 0.0369884372, -0.707121968, 0.702446818, 0.0892202854, 0.706121862, 0.0892079175, -0.99532479, 0.0370181799)]='GoldSwampy',[2]='Wall2Tall'},
{[CFrame.new(401, 99.5, -281.600006, 0.104354382, -0.993164003, 0.0523017347, 0.699369967, 0.110671163, 0.706139982, -0.707101107, -0.0371105075, 0.706138015)]='GoldSwampy',[2]='Wall2Tall'},
{[CFrame.new(351.399994, 99.5, -268, -0.70612371, -0.0369884074, 0.707122087, 0.702446938, 0.0892201662, 0.706121981, -0.0892079473, 0.995325029, -0.0370182991)]='GoldSwampy',[2]='Wall2Tall'},
{[CFrame.new(365, 99.5, -218.399994, -0.104354382, 0.993164003, -0.0523017347, 0.699369967, 0.110671163, 0.706139982, 0.707101107, 0.0371105075, -0.706138134)]='GoldSwampy',[2]='Wall2Tall'},
{[CFrame.new(365, 99.5, -218.399994, -0.104354382, 0.993164003, -0.0523017347, 0.699369967, 0.110671163, 0.706139982, 0.707101107, 0.0371105075, -0.706138134)]='GoldSwampy',[2]='Wall2Tall'},
{[CFrame.new(401, 99.5, -281.600006, 0.104354382, -0.993164003, 0.0523017347, 0.699369967, 0.110671163, 0.706139982, -0.707101107, -0.0371105075, 0.706138015)]='GoldSwampy',[2]='Wall2Tall'},
{[CFrame.new(351.399994, 99.5, -268, -0.70612371, -0.0369884074, 0.707122087, 0.702446938, 0.0892201662, 0.706121981, -0.0892079473, 0.995325029, -0.0370182991)]='GoldSwampy',[2]='Wall2Tall'},
{[CFrame.new(365, 99.5, -218.399994, -0.104354382, 0.993164003, -0.0523017347, 0.699369967, 0.110671163, 0.706139982, 0.707101107, 0.0371105075, -0.706138134)]='GoldSwampy',[2]='Wall2Tall'},
{[CFrame.new(414.600006, 99.5, -232, 0.706123471, 0.0369884372, -0.707121968, 0.702446818, 0.0892202854, 0.706121862, 0.0892079175, -0.99532479, 0.0370181799)]='GoldSwampy',[2]='Wall2Tall'},
{[CFrame.new(401, 99.5, -281.600006, 0.104354382, -0.993164003, 0.0523017347, 0.699369967, 0.110671163, 0.706139982, -0.707101107, -0.0371105075, 0.706138015)]='GoldSwampy',[2]='Wall2Tall'},
{[CFrame.new(401, 99.5, -281.600006, 0.104354382, -0.993164003, 0.0523017347, 0.699369967, 0.110671163, 0.706139982, -0.707101107, -0.0371105075, 0.706138015)]='GoldSwampy',[2]='Wall2Tall'},
{[CFrame.new(365, 99.5, -218.399994, -0.104354382, 0.993164003, -0.0523017347, 0.699369967, 0.110671163, 0.706139982, 0.707101107, 0.0371105075, -0.706138134)]='GoldSwampy',[2]='Wall2Tall'},
{[CFrame.new(365, 99.5, -218.399994, -0.104354382, 0.993164003, -0.0523017347, 0.699369967, 0.110671163, 0.706139982, 0.707101107, 0.0371105075, -0.706138134)]='GoldSwampy',[2]='Wall2Tall'},
{[CFrame.new(414.600006, 99.5, -232, 0.706123471, 0.0369884372, -0.707121968, 0.702446818, 0.0892202854, 0.706121862, 0.0892079175, -0.99532479, 0.0370181799)]='GoldSwampy',[2]='Wall2Tall'},
{[CFrame.new(401, 99.5, -281.600006, 0.104354382, -0.993164003, 0.0523017347, 0.699369967, 0.110671163, 0.706139982, -0.707101107, -0.0371105075, 0.706138015)]='GoldSwampy',[2]='Wall2Tall'},
{[CFrame.new(351.399994, 99.5, -268, -0.70612371, -0.0369884074, 0.707122087, 0.702446938, 0.0892201662, 0.706121981, -0.0892079473, 0.995325029, -0.0370182991)]='GoldSwampy',[2]='Wall2Tall'},
{[CFrame.new(351.399994, 99.5, -268, -0.70612371, -0.0369884074, 0.707122087, 0.702446938, 0.0892201662, 0.706121981, -0.0892079473, 0.995325029, -0.0370182991)]='GoldSwampy',[2]='Wall2Tall'},
{[CFrame.new(414.600006, 99.5, -232, 0.706123471, 0.0369884372, -0.707121968, 0.702446818, 0.0892202854, 0.706121862, 0.0892079175, -0.99532479, 0.0370181799)]='GoldSwampy',[2]='Wall2Tall'},
{[CFrame.new(407.799988, 93.4000015, -238.899994, -0.0370411873, 0.70613575, -0.707107008, -0.0892522633, 0.70242703, 0.706137538, 0.995320022, 0.0892670453, 0.0370055437)]='GoldSwampy',[2]='Wall2Tall'},
{[CFrame.new(411.600006, 100, -232.399994, 0.706108153, 0.706164479, -0.0523740128, -0.707131624, 0.699332178, -0.104400165, -0.037096858, 0.110753126, 0.99315536)]='GoldSwampy',[2]='Wall2Tall'},
{[CFrame.new(405, 96.2000046, -238.699997, -0.0370411873, 0.70613575, -0.707107008, -0.0892522633, 0.70242703, 0.706137538, 0.995320022, 0.0892670453, 0.0370055437)]='GoldSwampy',[2]='Wall2Tall'},
{[CFrame.new(404.899994, 95.7000046, -234.699997, -0.0370411873, 0.70613575, -0.707107008, -0.0892522633, 0.70242703, 0.706137538, 0.995320022, 0.0892670453, 0.0370055437)]='GoldSwampy',[2]='Wall2Tall'},
{[CFrame.new(414.600006, 99.5, -232, 0.706123471, 0.0369884372, -0.707121968, 0.702446818, 0.0892202854, 0.706121862, 0.0892079175, -0.99532479, 0.0370181799)]='GoldSwampy',[2]='Wall2Tall'},
{[CFrame.new(411.799988, 100.900002, -239.399994, 0.706108153, 0.706164479, -0.0523740128, -0.707131624, 0.699332178, -0.104400165, -0.037096858, 0.110753126, 0.99315536)]='GoldSwampy',[2]='Wall2Tall'},
{[CFrame.new(406.100006, 95.3000031, -240.300003, 0.706108153, 0.706164479, -0.0523740128, -0.707131624, 0.699332178, -0.104400165, -0.037096858, 0.110753126, 0.99315536)]='GoldSwampy',[2]='Wall2Tall'},
{[CFrame.new(405.899994, 94.5, -233.300003, 0.706108153, 0.706164479, -0.0523740128, -0.707131624, 0.699332178, -0.104400165, -0.037096858, 0.110753126, 0.99315536)]='GoldSwampy',[2]='Wall2Tall'},
{[CFrame.new(407.700012, 92.9000015, -235, -0.0370411873, 0.70613575, -0.707107008, -0.0892522633, 0.70242703, 0.706137538, 0.995320022, 0.0892670453, 0.0370055437)]='GoldSwampy',[2]='Wall2Tall'},
{[CFrame.new(303, 3.4000001, -325.799988, -1, 0, -0, 0, 0, -1, 0, -1, -0)]='Palm',[2]='Floor2'},
{[CFrame.new(303, 3.4000001, -326.399994, -1, 0, -0, 0, 0, -1, 0, -1, -0)]='Palm',[2]='Floor2'},
{[CFrame.new(303, 3.4000001, -326.200012, -1, 0, -0, 0, 0, -1, 0, -1, -0)]='Palm',[2]='Floor2'},
{[CFrame.new(303, 3.4000001, -326, -1, 0, -0, 0, 0, -1, 0, -1, -0)]='Palm',[2]='Floor2'},
{[CFrame.new(307.200012, 3.4000001, -170, 0, -1, 0, 0, 0, -1, 1, 0, 0)]='Palm',[2]='Floor2'},
{[CFrame.new(306.600006, 3.4000001, -170, 0, -1, 0, 0, 0, -1, 1, 0, 0)]='Palm',[2]='Floor2'},
{[CFrame.new(306.799988, 3.4000001, -170, 0, -1, 0, 0, 0, -1, 1, 0, 0)]='Palm',[2]='Floor2'},
{[CFrame.new(307, 3.4000001, -170, 0, -1, 0, 0, 0, -1, 1, 0, 0)]='Palm',[2]='Floor2'},
{[CFrame.new(463, 3.4000001, -174.199997, 1, 0, 0, 0, 0, -1, 0, 1, 0)]='Palm',[2]='Floor2'},
{[CFrame.new(463, 3.4000001, -173.600006, 1, 0, 0, 0, 0, -1, 0, 1, 0)]='Palm',[2]='Floor2'},
{[CFrame.new(463, 3.4000001, -173.799988, 1, 0, 0, 0, 0, -1, 0, 1, 0)]='Palm',[2]='Floor2'},
{[CFrame.new(463, 3.4000001, -174, 1, 0, 0, 0, 0, -1, 0, 1, 0)]='Palm',[2]='Floor2'},
{[CFrame.new(459.200012, 3.4000001, -330, 0, 1, 0, 0, 0, -1, -1, 0, 0)]='Palm',[2]='Floor2'},
{[CFrame.new(459, 3.4000001, -330, 0, 1, 0, 0, 0, -1, -1, 0, 0)]='Palm',[2]='Floor2'},




{[CFrame.new(458.799988, 3.4000001, -330, 0, 1, 0, 0, 0, -1, -1, 0, 0)]='Palm',[2]='Floor2'},
{[CFrame.new(459.200012, 3.4000001, -330, 0, 1, 0, 0, 0, -1, -1, 0, 0)]='Palm',[2]='Floor2'},
{[CFrame.new(459, 3.4000001, -330, 0, 1, 0, 0, 0, -1, -1, 0, 0)]='Palm',[2]='Floor2'},
{[CFrame.new(307.200012, 3.4000001, -170, 0, -1, 0, 0, 0, -1, 1, 0, 0)]='Palm',[2]='Floor2'}
,{[CFrame.new(306.600006, 3.4000001, -170, 0, -1, 0, 0, 0, -1, 1, 0, 0)]='Palm',[2]='Floor2'},
{[CFrame.new(306.799988, 3.4000001, -170, 0, -1, 0, 0, 0, -1, 1, 0, 0)]='Palm',[2]='Floor2'},
{[CFrame.new(307, 3.4000001, -170, 0, -1, 0, 0, 0, -1, 1, 0, 0)]='Palm',[2]='Floor2'},
{[CFrame.new(307.200012, 3.4000001, -170, 0, -1, 0, 0, 0, -1, 1, 0, 0)]='Palm',[2]='Floor2'},
{[CFrame.new(306.600006, 3.4000001, -170, 0, -1, 0, 0, 0, -1, 1, 0, 0)]='Palm',[2]='Floor2'},
{[CFrame.new(306.799988, 3.4000001, -170, 0, -1, 0, 0, 0, -1, 1, 0, 0)]='Palm',[2]='Floor2'},
{[CFrame.new(307, 3.4000001, -170, 0, -1, 0, 0, 0, -1, 1, 0, 0)]='Palm',[2]='Floor2'},
{[CFrame.new(463, 3.4000001, -174.199997, 1, 0, 0, 0, 0, -1, 0, 1, 0)]='Palm',[2]='Floor2'},{[CFrame.new(463, 3.4000001, -173.600006, 1, 0, 0, 0, 0, -1, 0, 1, 0)]='Palm',[2]='Floor2'},{[CFrame.new(463, 3.4000001, -173.799988, 1, 0, 0, 0, 0, -1, 0, 1, 0)]='Palm',[2]='Floor2'},{[CFrame.new(463, 3.4000001, -174, 1, 0, 0, 0, 0, -1, 0, 1, 0)]='Palm',[2]='Floor2'},{[CFrame.new(458.799988, 3.4000001, -330, 0, 1, 0, 0, 0, -1, -1, 0, 0)]='Palm',[2]='Floor2'},{[CFrame.new(459.399994, 3.4000001, -330, 0, 1, 0, 0, 0, -1, -1, 0, 0)]='Palm',[2]='Floor2'},{[CFrame.new(459.200012, 3.4000001, -330, 0, 1, 0, 0, 0, -1, -1, 0, 0)]='Palm',[2]='Floor2'},{[CFrame.new(459, 3.4000001, -330, 0, 1, 0, 0, 0, -1, -1, 0, 0)]='Palm',[2]='Floor2'},{[CFrame.new(303, 3.4000001, -325.799988, -1, 0, -0, 0, 0, -1, 0, -1, -0)]='Palm',[2]='Floor2'},{[CFrame.new(303, 3.4000001, -326.399994, -1, 0, -0, 0, 0, -1, 0, -1, -0)]='Palm',[2]='Floor2'},{[CFrame.new(303, 3.4000001, -326.200012, -1, 0, -0, 0, 0, -1, 0, -1, -0)]='Palm',[2]='Floor2'},{[CFrame.new(303, 3.4000001, -326, -1, 0, -0, 0, 0, -1, 0, -1, -0)]='Palm',[2]='Floor2'},{[CFrame.new(303, 3.4000001, -325.799988, -1, 0, -0, 0, 0, -1, 0, -1, -0)]='Palm',[2]='Floor2'},{[CFrame.new(303, 3.4000001, -326.399994, -1, 0, -0, 0, 0, -1, 0, -1, -0)]='Palm',[2]='Floor2'},{[CFrame.new(303, 3.4000001, -326.200012, -1, 0, -0, 0, 0, -1, 0, -1, -0)]='Palm',[2]='Floor2'},{[CFrame.new(303, 3.4000001, -326, -1, 0, -0, 0, 0, -1, 0, -1, -0)]='Palm',[2]='Floor2'},{[CFrame.new(463, 3.4000001, -174.199997, 1, 0, 0, 0, 0, -1, 0, 1, 0)]='Palm',[2]='Floor2'},{[CFrame.new(463, 3.4000001, -173.600006, 1, 0, 0, 0, 0, -1, 0, 1, 0)]='Palm',[2]='Floor2'},{[CFrame.new(463, 3.4000001, -173.799988, 1, 0, 0, 0, 0, -1, 0, 1, 0)]='Palm',[2]='Floor2'},{[CFrame.new(463, 3.4000001, -174, 1, 0, 0, 0, 0, -1, 0, 1, 0)]='Palm',[2]='Floor2'},{[CFrame.new(459.399994, 3.4000001, -330, 0, 1, 0, 0, 0, -1, -1, 0, 0)]='Palm',[2]='Floor2'},{[CFrame.new(459.200012, 3.4000001, -330, 0, 1, 0, 0, 0, -1, -1, 0, 0)]='Palm',[2]='Floor2'},{[CFrame.new(459, 3.4000001, -330, 0, 1, 0, 0, 0, -1, -1, 0, 0)]='Palm',[2]='Floor2'},{[CFrame.new(303, 3.4000001, -325.799988, -1, 0, -0, 0, 0, -1, 0, -1, -0)]='Palm',[2]='Floor2'},{[CFrame.new(303, 3.4000001, -326.399994, -1, 0, -0, 0, 0, -1, 0, -1, -0)]='Palm',[2]='Floor2'},{[CFrame.new(303, 3.4000001, -326.200012, -1, 0, -0, 0, 0, -1, 0, -1, -0)]='Palm',[2]='Floor2'},{[CFrame.new(303, 3.4000001, -326, -1, 0, -0, 0, 0, -1, 0, -1, -0)]='Palm',[2]='Floor2'},{[CFrame.new(307.200012, 3.4000001, -170, 0, -1, 0, 0, 0, -1, 1, 0, 0)]='Palm',[2]='Floor2'},{[CFrame.new(306.600006, 3.4000001, -170, 0, -1, 0, 0, 0, -1, 1, 0, 0)]='Palm',[2]='Floor2'},{[CFrame.new(306.799988, 3.4000001, -170, 0, -1, 0, 0, 0, -1, 1, 0, 0)]='Palm',[2]='Floor2'},{[CFrame.new(307, 3.4000001, -170, 0, -1, 0, 0, 0, -1, 1, 0, 0)]='Palm',[2]='Floor2'},{[CFrame.new(463, 3.4000001, -174.199997, 1, 0, 0, 0, 0, -1, 0, 1, 0)]='Palm',[2]='Floor2'},{[CFrame.new(463, 3.4000001, -173.600006, 1, 0, 0, 0, 0, -1, 0, 1, 0)]='Palm',[2]='Floor2'},{[CFrame.new(463, 3.4000001, -173.799988, 1, 0, 0, 0, 0, -1, 0, 1, 0)]='Palm',[2]='Floor2'},{[CFrame.new(463, 3.4000001, -174, 1, 0, 0, 0, 0, -1, 0, 1, 0)]='Palm',[2]='Floor2'},{[CFrame.new(463, 3.4000001, -174.199997, 1, 0, 0, 0, 0, -1, 0, 1, 0)]='Palm',[2]='Floor2'},{[CFrame.new(463, 3.4000001, -173.600006, 1, 0, 0, 0, 0, -1, 0, 1, 0)]='Palm',[2]='Floor2'},{[CFrame.new(463, 3.4000001, -173.799988, 1, 0, 0, 0, 0, -1, 0, 1, 0)]='Palm',[2]='Floor2'},{[CFrame.new(463, 3.4000001, -174, 1, 0, 0, 0, 0, -1, 0, 1, 0)]='Palm',[2]='Floor2'},{[CFrame.new(303, 3.4000001, -325.799988, -1, 0, -0, 0, 0, -1, 0, -1, -0)]='Palm',[2]='Floor2'},{[CFrame.new(303, 3.4000001, -326.399994, -1, 0, -0, 0, 0, -1, 0, -1, -0)]='Palm',[2]='Floor2'},{[CFrame.new(303, 3.4000001, -326.200012, -1, 0, -0, 0, 0, -1, 0, -1, -0)]='Palm',[2]='Floor2'},{[CFrame.new(303, 3.4000001, -326, -1, 0, -0, 0, 0, -1, 0, -1, -0)]='Palm',[2]='Floor2'},{[CFrame.new(307.200012, 3.4000001, -170, 0, -1, 0, 0, 0, -1, 1, 0, 0)]='Palm',[2]='Floor2'},{[CFrame.new(306.600006, 3.4000001, -170, 0, -1, 0, 0, 0, -1, 1, 0, 0)]='Palm',[2]='Floor2'},{[CFrame.new(306.799988, 3.4000001, -170, 0, -1, 0, 0, 0, -1, 1, 0, 0)]='Palm',[2]='Floor2'},{[CFrame.new(307, 3.4000001, -170, 0, -1, 0, 0, 0, -1, 1, 0, 0)]='Palm',[2]='Floor2'},{[CFrame.new(463, 3.4000001, -174.199997, 1, 0, 0, 0, 0, -1, 0, 1, 0)]='Palm',[2]='Floor2'},{[CFrame.new(463, 3.4000001, -173.600006, 1, 0, 0, 0, 0, -1, 0, 1, 0)]='Palm',[2]='Floor2'},{[CFrame.new(463, 3.4000001, -173.799988, 1, 0, 0, 0, 0, -1, 0, 1, 0)]='Palm',[2]='Floor2'},{[CFrame.new(463, 3.4000001, -174, 1, 0, 0, 0, 0, -1, 0, 1, 0)]='Palm',[2]='Floor2'},{[CFrame.new(459.399994, 3.4000001, -330, 0, 1, 0, 0, 0, -1, -1, 0, 0)]='Palm',[2]='Floor2'},{[CFrame.new(459.200012, 3.4000001, -330, 0, 1, 0, 0, 0, -1, -1, 0, 0)]='Palm',[2]='Floor2'},{[CFrame.new(459, 3.4000001, -330, 0, 1, 0, 0, 0, -1, -1, 0, 0)]='Palm',[2]='Floor2'},{[CFrame.new(303, 3.4000001, -325.799988, -1, 0, -0, 0, 0, -1, 0, -1, -0)]='Palm',[2]='Floor2'},{[CFrame.new(303, 3.4000001, -326.399994, -1, 0, -0, 0, 0, -1, 0, -1, -0)]='Palm',[2]='Floor2'},{[CFrame.new(303, 3.4000001, -326.200012, -1, 0, -0, 0, 0, -1, 0, -1, -0)]='Palm',[2]='Floor2'},{[CFrame.new(303, 3.4000001, -326, -1, 0, -0, 0, 0, -1, 0, -1, -0)]='Palm',[2]='Floor2'},{[CFrame.new(303, 3.4000001, -325.799988, -1, 0, -0, 0, 0, -1, 0, -1, -0)]='Palm',[2]='Floor2'},{[CFrame.new(303, 3.4000001, -326.399994, -1, 0, -0, 0, 0, -1, 0, -1, -0)]='Palm',[2]='Floor2'},{[CFrame.new(303, 3.4000001, -326.200012, -1, 0, -0, 0, 0, -1, 0, -1, -0)]='Palm',[2]='Floor2'},{[CFrame.new(303, 3.4000001, -326, -1, 0, -0, 0, 0, -1, 0, -1, -0)]='Palm',[2]='Floor2'},{[CFrame.new(463, 3.4000001, -174.199997, 1, 0, 0, 0, 0, -1, 0, 1, 0)]='Palm',[2]='Floor2'},{[CFrame.new(463, 3.4000001, -173.600006, 1, 0, 0, 0, 0, -1, 0, 1, 0)]='Palm',[2]='Floor2'},{[CFrame.new(463, 3.4000001, -173.799988, 1, 0, 0, 0, 0, -1, 0, 1, 0)]='Palm',[2]='Floor2'},{[CFrame.new(463, 3.4000001, -174, 1, 0, 0, 0, 0, -1, 0, 1, 0)]='Palm',[2]='Floor2'},{[CFrame.new(463, 3.4000001, -174.199997, 1, 0, 0, 0, 0, -1, 0, 1, 0)]='Palm',[2]='Floor2'},{[CFrame.new(463, 3.4000001, -173.600006, 1, 0, 0, 0, 0, -1, 0, 1, 0)]='Palm',[2]='Floor2'},{[CFrame.new(463, 3.4000001, -173.799988, 1, 0, 0, 0, 0, -1, 0, 1, 0)]='Palm',[2]='Floor2'},{[CFrame.new(463, 3.4000001, -174, 1, 0, 0, 0, 0, -1, 0, 1, 0)]='Palm',[2]='Floor2'},{[CFrame.new(459.399994, 3.4000001, -330, 0, 1, 0, 0, 0, -1, -1, 0, 0)]='Palm',[2]='Floor2'},{[CFrame.new(459.200012, 3.4000001, -330, 0, 1, 0, 0, 0, -1, -1, 0, 0)]='Palm',[2]='Floor2'},{[CFrame.new(459, 3.4000001, -330, 0, 1, 0, 0, 0, -1, -1, 0, 0)]='Palm',[2]='Floor2'},{[CFrame.new(303, 3.4000001, -325.799988, -1, 0, -0, 0, 0, -1, 0, -1, -0)]='Palm',[2]='Floor2'},{[CFrame.new(303, 3.4000001, -326.399994, -1, 0, -0, 0, 0, -1, 0, -1, -0)]='Palm',[2]='Floor2'},{[CFrame.new(303, 3.4000001, -326.200012, -1, 0, -0, 0, 0, -1, 0, -1, -0)]='Palm',[2]='Floor2'},{[CFrame.new(303, 3.4000001, -326, -1, 0, -0, 0, 0, -1, 0, -1, -0)]='Palm',[2]='Floor2'},{[CFrame.new(307.200012, 3.4000001, -170, 0, -1, 0, 0, 0, -1, 1, 0, 0)]='Palm',[2]='Floor2'},{[CFrame.new(306.600006, 3.4000001, -170, 0, -1, 0, 0, 0, -1, 1, 0, 0)]='Palm',[2]='Floor2'},{[CFrame.new(306.799988, 3.4000001, -170, 0, -1, 0, 0, 0, -1, 1, 0, 0)]='Palm',[2]='Floor2'},{[CFrame.new(307, 3.4000001, -170, 0, -1, 0, 0, 0, -1, 1, 0, 0)]='Palm',[2]='Floor2'},{[CFrame.new(307.200012, 3.4000001, -170, 0, -1, 0, 0, 0, -1, 1, 0, 0)]='Palm',[2]='Floor2'},{[CFrame.new(306.600006, 3.4000001, -170, 0, -1, 0, 0, 0, -1, 1, 0, 0)]='Palm',[2]='Floor2'},{[CFrame.new(306.799988, 3.4000001, -170, 0, -1, 0, 0, 0, -1, 1, 0, 0)]='Palm',[2]='Floor2'},{[CFrame.new(307, 3.4000001, -170, 0, -1, 0, 0, 0, -1, 1, 0, 0)]='Palm',[2]='Floor2'},{[CFrame.new(459.200012, 3.4000001, -330, 0, 1, 0, 0, 0, -1, -1, 0, 0)]='Palm',[2]='Floor2'},{[CFrame.new(411.100006, 102.800003, -234.899994, -0.316085219, -0.709931433, 0.629354835, -0.235099018, 0.701286674, 0.672997355, -0.9191401, 0.0647637844, -0.388570547)]='SpookyNeon',[2]='Post'},{[CFrame.new(411.200012, 103, -236.300003, 0.404487133, -0.700655103, 0.587769151, 0.446929693, 0.712159753, 0.541370749, -0.797899723, 0.0437140167, 0.601203024)]='SpookyNeon',[2]='Post'},{[CFrame.new(411.600006, 103.400002, -236.699997, 0.636361122, -0.706778526, 0.309044927, 0.66431272, 0.705759525, 0.246154815, -0.392088324, 0.0486590564, 0.918639779)]='SpookyNeon',[2]='Post'},{[CFrame.new(412.5, 104.300003, -236.600006, 0.574896097, -0.709969997, -0.406739533, 0.54505384, 0.703042865, -0.456778944, 0.610254705, 0.0409054905, 0.791148484)]='SpookyNeon',[2]='Post'},{[CFrame.new(411, 102.800003, -235.600006, 0.0370055437, -0.706122279, 0.707122386, 0.119646996, 0.705647588, 0.698388219, -0.992126644, 0.058760792, 0.110598266)]='SpookyNeon',[2]='Post'},{[CFrame.new(412, 103.900002, -236.800003, 0.706134796, -0.706142902, -0.0523046851, 0.699373841, 0.707095981, -0.104362369, 0.110679179, 0.0371133722, 0.99316299)]='SpookyNeon',[2]='Post'},{[CFrame.new(412, 103.900002, -236.800003, 0.706134796, -0.706142902, -0.0523046851, 0.699373841, 0.707095981, -0.104362369, 0.110679179, 0.0371133722, 0.99316299)]='SpookyNeon',[2]='Post'},{[CFrame.new(412.799988, 104.400002, -234.699997, -0.404487371, -0.700655222, -0.58776927, -0.446929812, 0.712159693, -0.541370869, 0.797899961, 0.0437140167, -0.601203322)]='SpookyNeon',[2]='Post'},{[CFrame.new(412.799988, 104.400002, -234.699997, -0.404487371, -0.700655222, -0.58776927, -0.446929812, 0.712159693, -0.541370869, 0.797899961, 0.0437140167, -0.601203322)]='SpookyNeon',[2]='Post'},{[CFrame.new(411, 102.800003, -235.600006, 0.0370055437, -0.706122279, 0.707122386, 0.119646996, 0.705647588, 0.698388219, -0.992126644, 0.058760792, 0.110598266)]='SpookyNeon',[2]='Post'},{[CFrame.new(412.899994, 104.599998, -236, 0.31608516, -0.709931433, -0.629354835, 0.235099018, 0.701286674, -0.672997355, 0.9191401, 0.0647637844, 0.388570487)]='SpookyNeon',[2]='Post'},{[CFrame.new(413, 104.700005, -235.300003, -0.0370056629, -0.706122279, -0.707122386, -0.119646996, 0.705647588, -0.698388219, 0.992126644, 0.058760792, -0.110598326)]='SpookyNeon',[2]='Post'},{[CFrame.new(412.399994, 104, -234.199997, -0.636361599, -0.706778526, -0.309044927, -0.66431272, 0.705759525, -0.246154815, 0.392088324, 0.0486590564, -0.918640256)]='SpookyNeon',[2]='Post'},{[CFrame.new(411.899994, 103.5, -234.100006, -0.706134796, -0.706142902, 0.0523046851, -0.699373841, 0.707095981, 0.104362369, -0.110679179, 0.0371133722, -0.99316299)]='SpookyNeon',[2]='Post'},{[CFrame.new(411.5, 103.099998, -234.399994, -0.574896097, -0.709969997, 0.406739533, -0.54505384, 0.703042865, 0.456778944, -0.610254705, 0.0409054905, -0.791148543)]='SpookyNeon',[2]='Post'},{[CFrame.new(395.899994, 79, -261.799988, -0.305210948, -0.0483504869, 0.951056659, -0.00756363943, 0.998801768, 0.0483504869, -0.952254832, 0.00756363943, -0.305210948)]='Birch',[2]='Post'},{[CFrame.new(397.100006, 71.0999985, -260.100006, -0.29853189, -0.0799320638, 0.951046586, 0.0377226323, 0.994719803, 0.0954437107, -0.953653932, 0.0643689781, -0.293940306)]='Birch',[2]='Post'},{[CFrame.new(397, 71.0999985, -249.899994, -0.29853189, -0.0799320638, -0.951046586, 0.0377226323, 0.994719803, -0.0954437107, 0.953653932, -0.0643689781, -0.293940306)]='Birch',[2]='Post'},{[CFrame.new(395.899994, 79, -248.300003, -0.305210948, -0.0483504869, -0.951056659, -0.00756363943, 0.998801768, -0.0483504869, 0.952254832, -0.00756363943, -0.305210948)]='Birch',[2]='Post'},{[CFrame.new(398.700012, 103.599998, -285.100006, 0.99316299, 0.0520163402, -0.104506388, -0.11078123, 0.702243388, -0.703265131, 0.0368076451, 0.710034192, 0.703204572)]='Spooky',[2]='Wall2'},{[CFrame.new(367.299988, 103.599998, -214.899994, -0.993163109, -0.0520163402, 0.104506388, -0.11078123, 0.702243388, -0.703265131, -0.0368076451, -0.710034192, -0.703204632)]='Spooky',[2]='Wall2'},{[CFrame.new(418.100006, 103.599998, -234.300003, -0.0370056629, -0.706122279, -0.707122386, -0.119646996, 0.705647588, -0.698388219, 0.992126644, 0.058760792, -0.110598326)]='Spooky',[2]='Wall2'},{[CFrame.new(418.100006, 103.599998, -234.300003, -0.0370056629, -0.706122279, -0.707122386, -0.119646996, 0.705647588, -0.698388219, 0.992126644, 0.058760792, -0.110598326)]='Spooky',[2]='Wall2'},{[CFrame.new(367.299988, 103.599998, -214.899994, -0.993163109, -0.0520163402, 0.104506388, -0.11078123, 0.702243388, -0.703265131, -0.0368076451, -0.710034192, -0.703204632)]='Spooky',[2]='Wall2'},{[CFrame.new(418.100006, 103.599998, -234.300003, -0.0370056629, -0.706122279, -0.707122386, -0.119646996, 0.705647588, -0.698388219, 0.992126644, 0.058760792, -0.110598326)]='Spooky',[2]='Wall2'},{[CFrame.new(398.700012, 103.599998, -285.100006, 0.99316299, 0.0520163402, -0.104506388, -0.11078123, 0.702243388, -0.703265131, 0.0368076451, 0.710034192, 0.703204572)]='Spooky',[2]='Wall2'},{[CFrame.new(398.700012, 103.599998, -285.100006, 0.99316299, 0.0520163402, -0.104506388, -0.11078123, 0.702243388, -0.703265131, 0.0368076451, 0.710034192, 0.703204572)]='Spooky',[2]='Wall2'},{[CFrame.new(367.299988, 103.599998, -214.899994, -0.993163109, -0.0520163402, 0.104506388, -0.11078123, 0.702243388, -0.703265131, -0.0368076451, -0.710034192, -0.703204632)]='Spooky',[2]='Wall2'},{[CFrame.new(418.100006, 103.599998, -234.300003, -0.0370056629, -0.706122279, -0.707122386, -0.119646996, 0.705647588, -0.698388219, 0.992126644, 0.058760792, -0.110598326)]='Spooky',[2]='Wall2'},{[CFrame.new(398.700012, 103.599998, -285.100006, 0.99316299, 0.0520163402, -0.104506388, -0.11078123, 0.702243388, -0.703265131, 0.0368076451, 0.710034192, 0.703204572)]='Spooky',[2]='Wall2'},{[CFrame.new(367.299988, 103.599998, -214.899994, -0.993163109, -0.0520163402, 0.104506388, -0.11078123, 0.702243388, -0.703265131, -0.0368076451, -0.710034192, -0.703204632)]='Spooky',[2]='Wall2'},{[CFrame.new(367.299988, 103.599998, -214.899994, -0.993163109, -0.0520163402, 0.104506388, -0.11078123, 0.702243388, -0.703265131, -0.0368076451, -0.710034192, -0.703204632)]='Spooky',[2]='Wall2'},{[CFrame.new(398.700012, 103.599998, -285.100006, 0.99316299, 0.0520163402, -0.104506388, -0.11078123, 0.702243388, -0.703265131, 0.0368076451, 0.710034192, 0.703204572)]='Spooky',[2]='Wall2'},{[CFrame.new(367.299988, 103.599998, -214.899994, -0.993163109, -0.0520163402, 0.104506388, -0.11078123, 0.702243388, -0.703265131, -0.0368076451, -0.710034192, -0.703204632)]='Spooky',[2]='Wall2'},{[CFrame.new(418.100006, 103.599998, -234.300003, -0.0370056629, -0.706122279, -0.707122386, -0.119646996, 0.705647588, -0.698388219, 0.992126644, 0.058760792, -0.110598326)]='Spooky',[2]='Wall2'},{[CFrame.new(398.700012, 103.599998, -285.100006, 0.99316299, 0.0520163402, -0.104506388, -0.11078123, 0.702243388, -0.703265131, 0.0368076451, 0.710034192, 0.703204572)]='Spooky',[2]='Wall2'},{[CFrame.new(398.700012, 103.599998, -285.100006, 0.99316299, 0.0520163402, -0.104506388, -0.11078123, 0.702243388, -0.703265131, 0.0368076451, 0.710034192, 0.703204572)]='Spooky',[2]='Wall2'},{[CFrame.new(367.299988, 103.599998, -214.899994, -0.993163109, -0.0520163402, 0.104506388, -0.11078123, 0.702243388, -0.703265131, -0.0368076451, -0.710034192, -0.703204632)]='Spooky',[2]='Wall2'},{[CFrame.new(367.299988, 103.599998, -214.899994, -0.993163109, -0.0520163402, 0.104506388, -0.11078123, 0.702243388, -0.703265131, -0.0368076451, -0.710034192, -0.703204632)]='Spooky',[2]='Wall2'},{[CFrame.new(418.100006, 103.599998, -234.300003, -0.0370056629, -0.706122279, -0.707122386, -0.119646996, 0.705647588, -0.698388219, 0.992126644, 0.058760792, -0.110598326)]='Spooky',[2]='Wall2'},{[CFrame.new(398.700012, 103.599998, -285.100006, 0.99316299, 0.0520163402, -0.104506388, -0.11078123, 0.702243388, -0.703265131, 0.0368076451, 0.710034192, 0.703204572)]='Spooky',[2]='Wall2'},{[CFrame.new(418.100006, 103.599998, -234.300003, -0.0370056629, -0.706122279, -0.707122386, -0.119646996, 0.705647588, -0.698388219, 0.992126644, 0.058760792, -0.110598326)]='Spooky',[2]='Wall2'},{[CFrame.new(418.100006, 103.599998, -234.300003, -0.0370056629, -0.706122279, -0.707122386, -0.119646996, 0.705647588, -0.698388219, 0.992126644, 0.058760792, -0.110598326)]='Spooky',[2]='Wall2'},{[CFrame.new(410.600006, 101.300003, -233.800003, -0.0370411873, 0.70613575, -0.707107008, -0.0892522633, 0.70242703, 0.706137538, 0.995320022, 0.0892670453, 0.0370055437)]='GoldSwampy',[2]='Wall2'},{[CFrame.new(410.700012, 101.800003, -237.800003, -0.0370411873, 0.70613575, -0.707107008, -0.0892522633, 0.70242703, 0.706137538, 0.995320022, 0.0892670453, 0.0370055437)]='GoldSwampy',[2]='Wall2'},{[CFrame.new(394.600006, 10.6000004, -248.399994, 0.707134247, -0, -0.707079291, 0, 1, -0, 0.707079291, 0, 0.707134247)]='Walnut',[2]='Wall2TallThin'},{[CFrame.new(395, 26.6000004, -261.100006, -0.913549781, 0, -0.406727046, 0, 1, 0, 0.406727046, 0, -0.913549781)]='Walnut',[2]='Wall2TallThin'},{[CFrame.new(392.200012, 26.6000004, -259.899994, -0.913549781, 0, -0.406727046, 0, 1, 0, 0.406727046, 0, -0.913549781)]='Walnut',[2]='Wall2TallThin'},{[CFrame.new(392.200012, 26.6000004, -261.100006, 0.913549721, -0, -0.406727046, 0, 1, -0, 0.406727046, 0, 0.913549721)]='Walnut',[2]='Wall2TallThin'},{[CFrame.new(392.700012, 4.20000029, -261.100006, 0.777145445, -0, -0.629321039, 0, 1, -0, 0.629321039, 0, 0.777145445)]='Birch',[2]='Wall2TallThin'},{[CFrame.new(405.100006, 94.9000015, -232.899994, -0.8800385, 0.139396086, -0.453983665, 0.46734637, 0.084353447, -0.880040884, -0.0843791217, -0.986637354, -0.139380693)]='GoldSwampy',[2]='Wall2TallThin'},{[CFrame.new(405.5, 93.2000046, -233.100006, -0.70612371, 0.0369884074, 0.707122087, -0.702446938, 0.0892201662, -0.706121981, -0.0892079473, -0.995325029, -0.0370182991)]='GoldSwampy',[2]='Wall2TallThin'},{[CFrame.new(415.200012, 88.7000046, -237.600006, 0.404472351, -0.700625181, -0.587815046, 0.316615939, 0.710264146, -0.628712356, 0.857995629, 0.0681852102, 0.509111285)]='GoldSwampy',[2]='Wall2TallThin'},{[CFrame.new(394.299988, 4.20000029, -248.899994, 0.777145445, -0, -0.629321039, 0, 1, -0, 0.629321039, 0, 0.777145445)]='Birch',[2]='Wall2TallThin'},{[CFrame.new(405.100006, 93.8000031, -233, -0.932293892, 0.0488803536, 0.358383179, -0.350457013, 0.123058379, -0.928459227, -0.0894854516, -0.991194904, -0.0975960493)]='GoldSwampy',[2]='Wall2TallThin'},{[CFrame.new(415.600006, 89.0999985, -237.600006, -0.456754327, -0.70336175, -0.544662952, -0.504105449, 0.709113836, -0.492986083, 0.732975602, 0.0493939966, -0.678459287)]='GoldSwampy',[2]='Wall2TallThin'},{[CFrame.new(415.399994, 88.9000015, -237.699997, -0.0370056629, -0.706122279, -0.707122386, -0.119646996, 0.705647588, -0.698388219, 0.992126644, 0.058760792, -0.110598326)]='GoldSwampy',[2]='Wall2TallThin'},{[CFrame.new(405, 79.3000031, -236.899994, 0.272126675, 0.61132741, 0.743119001, -0.0954372585, 0.785602033, -0.61132741, -0.957517028, 0.0954372585, 0.272126675)]='Frost',[2]='Wall2TallThin'},{[CFrame.new(405.399994, 79, -236.800003, -0.0350388288, 0.668184042, 0.743170559, 0.271623552, 0.722001553, -0.636344552, -0.961765587, 0.179565877, -0.206792593)]='Frost',[2]='Wall2TallThin'},{[CFrame.new(405.5, 79, -238.800003, 0.272126675, 0.61132741, 0.743119001, -0.0954372585, 0.785602033, -0.61132741, -0.957517028, 0.0954372585, 0.272126675)]='Frost',[2]='Wall2TallThin'},{[CFrame.new(405.100006, 79.3000031, -238.800003, -0.0350388288, 0.668184042, 0.743170559, 0.271623552, 0.722001553, -0.636344552, -0.961765587, 0.179565877, -0.206792593)]='Frost',[2]='Wall2TallThin'},{[CFrame.new(406, 78.5999985, -238.199997, 0.717832565, 0.64632529, 0.258804977, -0.57695502, 0.760295331, -0.298452526, -0.389665604, 0.0649201274, 0.918665409)]='Frost',[2]='Wall2TallThin'},{[CFrame.new(405.799988, 78.8000031, -238.600006, 0.527781367, 0.651801586, 0.544611335, -0.388270736, 0.755413771, -0.527821898, -0.755442023, 0.0671178848, 0.651768804)]='Frost',[2]='Wall2TallThin'},{[CFrame.new(404.5, 79.7000046, -237.399994, 0.717832565, 0.64632529, 0.258804977, -0.57695502, 0.760295331, -0.298452526, -0.389665604, 0.0649201274, 0.918665409)]='Frost',[2]='Wall2TallThin'},{[CFrame.new(404.700012, 79.5999985, -237.100006, 0.527781367, 0.651801586, 0.544611335, -0.388270736, 0.755413771, -0.527821898, -0.755442023, 0.0671178848, 0.651768804)]='Frost',[2]='Wall2TallThin'},{[CFrame.new(405.899994, 78.5999985, -237.399994, 0.645963848, 0.645999849, -0.406712413, -0.608613312, 0.75742662, 0.23642078, 0.460782588, 0.0948112905, 0.882434249)]='Frost',[2]='Wall2TallThin'},{[CFrame.new(406, 78.5, -237.800003, 0.776099324, 0.6284343, -0.0523467027, -0.62929523, 0.777166307, 4.43961471e-05, 0.040709991, 0.0329070762, 0.998628974)]='Frost',[2]='Wall2TallThin'},{[CFrame.new(404.799988, 79.5999985, -238.600006, 0.388627708, 0.673000216, -0.629316449, -0.433018357, 0.736281872, 0.519984663, 0.813304067, 0.0704251379, 0.577561021)]='Frost',[2]='Wall2TallThin'},{[CFrame.new(405.700012, 78.7000046, -237, 0.388627708, 0.673000216, -0.629316449, -0.433018357, 0.736281872, 0.519984663, 0.813304067, 0.0704251379, 0.577561021)]='Frost',[2]='Wall2TallThin'},{[CFrame.new(404.600006, 79.8000031, -238.300003, 0.645963848, 0.645999849, -0.406712413, -0.608613312, 0.75742662, 0.23642078, 0.460782588, 0.0948112905, 0.882434249)]='Frost',[2]='Wall2TallThin'},{[CFrame.new(395.799988, 51.7999992, -271.5, 0.574931622, -0.122236222, 0.809019148, 0.207903326, 0.978149354, 4.33698297e-05, -0.791346848, 0.168172836, 0.587782383)]='Frost',[2]='Wall2TallThin'},{[CFrame.new(404.5, 79.8000031, -237.899994, 0.776099324, 0.6284343, -0.0523467027, -0.62929523, 0.777166307, 4.43961471e-05, 0.040709991, 0.0329070762, 0.998628974)]='Frost',[2]='Wall2TallThin'},{[CFrame.new(394.700012, 51.2999992, -269.899994, 0.574931622, -0.122236222, 0.809019148, 0.207903326, 0.978149354, 4.33698297e-05, -0.791346848, 0.168172836, 0.587782383)]='Frost',[2]='Wall2TallThin'},{[CFrame.new(395.100006, 51.4000015, -269.700012, 0.161549687, -0.130876929, 0.978147686, 0.215610504, 0.971902668, 0.0944313854, -0.963023245, 0.195643559, 0.185229003)]='Frost',[2]='Wall2TallThin'},{[CFrame.new(394.299988, 51.4000015, -270.700012, 0.993156016, -0.10439714, 0.0523671359, 0.113083519, 0.971654654, -0.207603753, -0.0292095337, 0.212104768, 0.976810277)]='Frost',[2]='Wall2TallThin'},{[CFrame.new(396.100006, 51.7999992, -271.100006, 0.836534262, -0.224121854, 0.499979794, 0.30786401, 0.947112203, -0.0905442014, -0.45324403, 0.229669124, 0.861290872)]='Frost',[2]='Wall2TallThin'},{[CFrame.new(396.200012, 51.7000008, -270.700012, 0.993156016, -0.10439714, 0.0523671359, 0.113083519, 0.971654654, -0.207603753, -0.0292095337, 0.212104768, 0.976810277)]='Frost',[2]='Wall2TallThin'},{[CFrame.new(395.399994, 51.7999992, -271.700012, 0.161549687, -0.130876929, 0.978147686, 0.215610504, 0.971902668, 0.0944313854, -0.963023245, 0.195643559, 0.185229003)]='Frost',[2]='Wall2TallThin'},{[CFrame.new(394.399994, 51.4000015, -270.200012, 0.836534262, -0.224121854, 0.499979794, 0.30786401, 0.947112203, -0.0905442014, -0.45324403, 0.229669124, 0.861290872)]='Frost',[2]='Wall2TallThin'},{[CFrame.new(395, 51.7000008, -271.600006, 0.288514256, -0.110760003, -0.951047778, -0.133575216, 0.978917181, -0.154527709, 0.948112488, 0.171619847, 0.267636776)]='Frost',[2]='Wall2TallThin'},{[CFrame.new(395.5, 51.4000015, -269.700012, 0.288514256, -0.110760003, -0.951047778, -0.133575216, 0.978917181, -0.154527709, 0.948112488, 0.171619847, 0.267636776)]='Frost',[2]='Wall2TallThin'},{[CFrame.new(396.200012, 51.6000023, -270.299988, 0.922067165, -0.14607659, -0.358404428, 0.0595137402, 0.968539, -0.241641015, 0.382426769, 0.201479256, 0.901751578)]='Frost',[2]='Wall2TallThin'},{[CFrame.new(395.899994, 51.5, -269.899994, 0.660876036, -0.104724474, -0.743152559, -0.0780216381, 0.975263715, -0.206817091, 0.746428549, 0.194662452, 0.636357665)]='Frost',[2]='Wall2TallThin'},{[CFrame.new(394.299988, 51.5, -271.100006, 0.922067165, -0.14607659, -0.358404428, 0.0595137402, 0.968539, -0.241641015, 0.382426769, 0.201479256, 0.901751578)]='Frost',[2]='Wall2TallThin'},{[CFrame.new(394.600006, 51.6000023, -271.399994, 0.660876036, -0.104724474, -0.743152559, -0.0780216381, 0.975263715, -0.206817091, 0.746428549, 0.194662452, 0.636357665)]='Frost',[2]='Wall2TallThin'},{[CFrame.new(392.700012, 42.4000015, -248.100006, -0.404549479, -0.0425097868, -0.913527548, -0.00898723118, 0.999055624, -0.0425097868, 0.914471924, -0.00898723118, -0.404549479)]='Walnut',[2]='Wall2TallThin'},{[CFrame.new(393.299988, 42.4000015, -248, -4.66108322e-05, -0.0523534007, -0.998628676, -1.22189522e-06, 0.998628616, -0.0523534007, 1, -1.22189522e-06, -4.66108322e-05)]='Walnut',[2]='Wall2TallThin'},{[CFrame.new(393.299988, 42.4000015, -251, -4.66108322e-05, -0.0523534007, -0.998628676, -1.22189522e-06, 0.998628616, -0.0523534007, 1, -1.22189522e-06, -4.66108322e-05)]='Walnut',[2]='Wall2TallThin'},{[CFrame.new(392.700012, 42.4000015, -250.899994, 0.404549539, -0.0425097868, -0.913527548, 0.00898723118, 0.999055624, -0.0425097868, 0.914471924, 0.00898723118, 0.404549539)]='Walnut',[2]='Wall2TallThin'},{[CFrame.new(392.200012, 42.4000015, -250.600006, 0.706138492, -0.0369935259, -0.70710665, 0.0153022371, 0.999198318, -0.0369935259, 0.707908332, 0.0153022371, 0.706138492)]='Walnut',[2]='Wall2TallThin'},{[CFrame.new(394.299988, 42.5, -248.399994, 0.706138492, -0.0369935259, -0.70710665, 0.0153022371, 0.999198318, -0.0369935259, 0.707908332, 0.0153022371, 0.706138492)]='Walnut',[2]='Wall2TallThin'},{[CFrame.new(415.700012, 89.2000046, -236.899994, -0.646344662, -0.717814684, 0.258806199, -0.631707668, 0.693621874, 0.346170723, -0.428000063, 0.0602557361, -0.901767731)]='GoldSwampy',[2]='Wall2TallThin'},{[CFrame.new(394.700012, 42.5, -248.899994, 0.932295561, -0.0488233976, -0.358387142, 0.0523146503, 0.998630643, 4.51365486e-05, 0.357894152, -0.0187909752, 0.933573067)]='Walnut',[2]='Wall2TallThin'},{[CFrame.new(391.899994, 42.4000015, -250.100006, 0.932295561, -0.0488233976, -0.358387142, 0.0523146503, 0.998630643, 4.51365486e-05, 0.357894152, -0.0187909752, 0.933573067)]='Walnut',[2]='Wall2TallThin'},{[CFrame.new(391.799988, 42.4000015, -249.5, -0.998631716, -0.0522932447, 0, -0.0522932447, 0.998631775, 0, -0, 0, -1)]='Walnut',[2]='Wall2TallThin'},{[CFrame.new(394, 50.5, -250.600006, -0.706138492, -0.0369935259, -0.707106709, -0.015302239, 0.999198318, -0.0369935259, 0.707908392, -0.015302239, -0.706138492)]='Walnut',[2]='Wall2TallThin'},{[CFrame.new(391.899994, 50.4000015, -248.399994, -0.706138492, -0.0369935259, -0.707106709, -0.015302239, 0.999198318, -0.0369935259, 0.707908392, -0.015302239, -0.706138492)]='Walnut',[2]='Wall2TallThin'},{[CFrame.new(391.600006, 50.4000015, -248.899994, -0.932295918, -0.0488233976, -0.358387142, -0.0523146503, 0.998630643, 4.51365486e-05, 0.357894152, 0.0187909752, -0.933573484)]='Walnut',[2]='Wall2TallThin'},{[CFrame.new(393.5, 50.5, -250.899994, -0.404549479, -0.0425097868, -0.913527548, -0.00898723118, 0.999055624, -0.0425097868, 0.914471924, -0.00898723118, -0.404549479)]='Walnut',[2]='Wall2TallThin'},{[CFrame.new(394.799988, 42.5, -249.5, -0.998631716, -0.0522932447, 0, -0.0522932447, 0.998631775, 0, -0, 0, -1)]='Walnut',[2]='Wall2TallThin'},{[CFrame.new(392.399994, 50.4000015, -250.899994, 0.404549539, -0.0425097868, -0.913527548, 0.00898723118, 0.999055624, -0.0425097868, 0.914471924, 0.00898723118, 0.404549539)]='Walnut',[2]='Wall2TallThin'},{[CFrame.new(392.399994, 50.4000015, -248.100006, -0.404549479, -0.0425097868, -0.913527548, -0.00898723118, 0.999055624, -0.0425097868, 0.914471924, -0.00898723118, -0.404549479)]='Walnut',[2]='Wall2TallThin'},{[CFrame.new(392.899994, 50.4000015, -248, -4.66108322e-05, -0.0523534007, -0.998628676, -1.22189522e-06, 0.998628616, -0.0523534007, 1, -1.22189522e-06, -4.66108322e-05)]='Walnut',[2]='Wall2TallThin'},{[CFrame.new(392.899994, 50.4000015, -251, -4.66108322e-05, -0.0523534007, -0.998628676, -1.22189522e-06, 0.998628616, -0.0523534007, 1, -1.22189522e-06, -4.66108322e-05)]='Walnut',[2]='Wall2TallThin'},{[CFrame.new(393.5, 50.5, -248.100006, 0.404549539, -0.0425097868, -0.913527548, 0.00898723118, 0.999055624, -0.0425097868, 0.914471924, 0.00898723118, 0.404549539)]='Walnut',[2]='Wall2TallThin'},{[CFrame.new(415, 88.5, -237.399994, 0.646344662, -0.717814684, -0.258806199, 0.631707668, 0.693621874, -0.346170723, 0.428000063, 0.0602557361, 0.90176779)]='GoldSwampy',[2]='Wall2TallThin'},{[CFrame.new(391.899994, 50.4000015, -250.600006, 0.706138492, -0.0369935259, -0.70710665, 0.0153022371, 0.999198318, -0.0369935259, 0.707908332, 0.0153022371, 0.706138492)]='Walnut',[2]='Wall2TallThin'},{[CFrame.new(415, 88.5, -237, 0.691630661, -0.691680908, 0.207905397, 0.687884092, 0.718577862, 0.102281526, -0.220142379, 0.0722737312, 0.972786665)]='GoldSwampy',[2]='Wall2TallThin'},{[CFrame.new(391.600006, 50.4000015, -250.100006, 0.932295561, -0.0488233976, -0.358387142, 0.0523146503, 0.998630643, 4.51365486e-05, 0.357894152, -0.0187909752, 0.933573067)]='Walnut',[2]='Wall2TallThin'},{[CFrame.new(394, 50.5, -248.399994, 0.706138492, -0.0369935259, -0.70710665, 0.0153022371, 0.999198318, -0.0369935259, 0.707908332, 0.0153022371, 0.706138492)]='Walnut',[2]='Wall2TallThin'},{[CFrame.new(415.100006, 88.5999985, -236.800003, 0.456754327, -0.70336175, 0.544662952, 0.504105449, 0.709113836, 0.492986083, -0.732975602, 0.0493939966, 0.678459287)]='GoldSwampy',[2]='Wall2TallThin'},{[CFrame.new(415.399994, 88.8000031, -236.600006, 0.0370055437, -0.706122279, 0.707122386, 0.119646996, 0.705647588, 0.698388219, -0.992126644, 0.058760792, 0.110598266)]='GoldSwampy',[2]='Wall2TallThin'},{[CFrame.new(394.399994, 50.5, -249.5, -0.998631716, -0.0522932447, 0, -0.0522932447, 0.998631775, 0, -0, 0, -1)]='Walnut',[2]='Wall2TallThin'},{[CFrame.new(415.600006, 89, -236.699997, -0.404472351, -0.700625122, 0.587814987, -0.31661588, 0.710264146, 0.628712296, -0.85799557, 0.0681851804, -0.509111285)]='GoldSwampy',[2]='Wall2TallThin'},{[CFrame.new(388.700012, 66.7000046, -262.200012, 0.743157983, 2.10143626e-05, 0.669115961, 0.0349845961, 0.998631001, -0.0388872251, -0.668200791, 0.0523081049, 0.742139816)]='Birch',[2]='Wall2TallThin'},{[CFrame.new(390.399994, 66.8000031, -263.100006, 0.976815522, -0.0511672199, 0.207878143, 0.0630975291, 0.996694863, -0.0511672199, -0.204572976, 0.0630975291, 0.976815522)]='Birch',[2]='Wall2TallThin'},{[CFrame.new(387.700012, 66.7000046, -260.600006, 0.309060872, 0, 0.951042235, 0, 1, 0, -0.951042235, 0, 0.309060872)]='Birch',[2]='Wall2TallThin'},{[CFrame.new(387.399994, 66.5999985, -258.700012, 0, 0, 1, 0, 1, -0, -1, 0, 0)]='Birch',[2]='Wall2TallThin'},{[CFrame.new(387.5, 66.5999985, -256.700012, 0, 0, 1, 0, 1, -